{
 "cells": [
  {
   "cell_type": "markdown",
   "metadata": {},
   "source": [
    "# Input data Preparation\n",
    "\n",
    "TODO: Explain the math"
   ]
  },
  {
   "cell_type": "code",
   "execution_count": 2,
   "metadata": {},
   "outputs": [],
   "source": [
    "import numpy as np\n",
    "import pandas as pd\n",
    "import matplotlib.pyplot as plt"
   ]
  },
  {
   "cell_type": "code",
   "execution_count": 5,
   "metadata": {},
   "outputs": [],
   "source": [
    "close_df = pd.read_csv('..\\data\\DK\\preprocessed_data\\danish_closed_stocks.csv', index_col=0)\n",
    "close_df = close_df.fillna(method='bfill')"
   ]
  },
  {
   "cell_type": "code",
   "execution_count": 3,
   "metadata": {},
   "outputs": [],
   "source": [
    "close_df.index = pd.to_datetime(close_df.index)"
   ]
  },
  {
   "cell_type": "code",
   "execution_count": 4,
   "metadata": {},
   "outputs": [],
   "source": [
    "df_weekly_prices = close_df.resample('W').last()"
   ]
  },
  {
   "cell_type": "code",
   "execution_count": 5,
   "metadata": {},
   "outputs": [],
   "source": [
    "df_weekly_log_returns = np.log(df_weekly_prices) - np.log(df_weekly_prices.shift(1))\n",
    "df_weekly_log_returns = df_weekly_log_returns.dropna(how='all')\n",
    "df_weekly_log_returns = df_weekly_log_returns.fillna(0)"
   ]
  },
  {
   "cell_type": "code",
   "execution_count": 6,
   "metadata": {},
   "outputs": [],
   "source": [
    "return_array = df_weekly_log_returns.to_numpy()\n",
    "m_weekly_log = np.mean(return_array, axis=0)\n",
    "S_weekly_log = np.cov(return_array.transpose())"
   ]
  },
  {
   "cell_type": "code",
   "execution_count": 7,
   "metadata": {},
   "outputs": [],
   "source": [
    "m_log = 52 * m_weekly_log\n",
    "S_log = 52 * S_weekly_log"
   ]
  },
  {
   "cell_type": "code",
   "execution_count": 8,
   "metadata": {},
   "outputs": [],
   "source": [
    "p_0 = df_weekly_prices.iloc[0].to_numpy()\n",
    "m_P = p_0 * np.exp(m_log + 1/2*np.diag(S_log))\n",
    "S_P = np.outer(m_P, m_P) * (np.exp(S_log) - 1)"
   ]
  },
  {
   "cell_type": "code",
   "execution_count": 9,
   "metadata": {},
   "outputs": [
    {
     "data": {
      "text/plain": [
       "array([[5.22223228e+02, 8.90342808e+03, 1.96252186e+03, 5.96708661e+03,\n",
       "        1.38114446e+05, 1.00417679e+03, 8.74717605e+03, 6.54534366e+03,\n",
       "        5.95659164e+03, 1.81757348e+04, 1.18285363e+03, 5.64801253e+03,\n",
       "        1.73906297e+03, 3.04639595e+03, 1.29908897e+03, 2.25140701e+03,\n",
       "        3.38259468e+03],\n",
       "       [8.90342808e+03, 1.51795300e+05, 3.34592016e+04, 1.01733365e+05,\n",
       "        2.35472490e+06, 1.71202952e+04, 1.49131346e+05, 1.11592119e+05,\n",
       "        1.01554436e+05, 3.09879644e+05, 2.01665718e+04, 9.62934443e+04,\n",
       "        2.96494319e+04, 5.19382627e+04, 2.21482780e+04, 3.83844290e+04,\n",
       "        5.76701434e+04],\n",
       "       [1.96252186e+03, 3.34592016e+04, 7.37518335e+03, 2.24243911e+04,\n",
       "        5.19035932e+05, 3.77370977e+03, 3.28720043e+04, 2.45974888e+04,\n",
       "        2.23849509e+04, 6.83046541e+04, 4.44517973e+03, 2.12253065e+04,\n",
       "        6.53542184e+03, 1.14483966e+04, 4.88199368e+03, 8.46081760e+03,\n",
       "        1.27118360e+04],\n",
       "       [5.96708661e+03, 1.01733365e+05, 2.24243911e+04, 6.81818055e+04,\n",
       "        1.57813904e+06, 1.14740393e+04, 9.99479805e+04, 7.47891522e+04,\n",
       "        6.80618868e+04, 2.07681654e+05, 1.35156570e+04, 6.45359649e+04,\n",
       "        1.98710796e+04, 3.48090768e+04, 1.48437985e+04, 2.57252836e+04,\n",
       "        3.86505891e+04],\n",
       "       [1.38114446e+05, 2.35472490e+06, 5.19035932e+05, 1.57813904e+06,\n",
       "        3.65276748e+07, 2.65578613e+05, 2.31340031e+06, 1.73107297e+06,\n",
       "        1.57536339e+06, 4.80700860e+06, 3.12833986e+05, 1.49375225e+06,\n",
       "        4.59936873e+05, 8.05692407e+05, 3.43575207e+05, 5.95438533e+05,\n",
       "        8.94608217e+05],\n",
       "       [1.00417679e+03, 1.71202952e+04, 3.77370977e+03, 1.14740393e+04,\n",
       "        2.65578613e+05, 1.93091951e+03, 1.68198400e+04, 1.25859629e+04,\n",
       "        1.14538587e+04, 3.49499027e+04, 2.27449507e+03, 1.08604956e+04,\n",
       "        3.34402334e+03, 5.85787826e+03, 2.49800261e+03, 4.32920356e+03,\n",
       "        6.50435077e+03],\n",
       "       [8.74717605e+03, 1.49131346e+05, 3.28720043e+04, 9.99479805e+04,\n",
       "        2.31340031e+06, 1.68198400e+04, 1.46514143e+05, 1.09633716e+05,\n",
       "        9.97721912e+04, 3.04441365e+05, 1.98126555e+04, 9.46035282e+04,\n",
       "        2.91290948e+04, 5.10267645e+04, 2.17595835e+04, 3.77107957e+04,\n",
       "        5.66580527e+04],\n",
       "       [6.54534366e+03, 1.11592119e+05, 2.45974888e+04, 7.47891522e+04,\n",
       "        1.73107297e+06, 1.25859629e+04, 1.09633716e+05, 8.20368020e+04,\n",
       "        7.46576124e+04, 2.27807620e+05, 1.48254292e+04, 7.07900013e+04,\n",
       "        2.17967416e+04, 3.81823468e+04, 1.62822779e+04, 2.82182634e+04,\n",
       "        4.23961315e+04],\n",
       "       [5.95659164e+03, 1.01554436e+05, 2.23849509e+04, 6.80618868e+04,\n",
       "        1.57536339e+06, 1.14538587e+04, 9.97721912e+04, 7.46576124e+04,\n",
       "        6.79421789e+04, 2.07316382e+05, 1.34918856e+04, 6.44224585e+04,\n",
       "        1.98361302e+04, 3.47478543e+04, 1.48176911e+04, 2.56800377e+04,\n",
       "        3.85826101e+04],\n",
       "       [1.81757348e+04, 3.09879644e+05, 6.83046541e+04, 2.07681654e+05,\n",
       "        4.80700860e+06, 3.49499027e+04, 3.04441365e+05, 2.27807620e+05,\n",
       "        2.07316382e+05, 6.32597937e+05, 4.11686665e+04, 1.96576430e+05,\n",
       "        6.05272719e+04, 1.06028384e+05, 4.52141830e+04, 7.83591664e+04,\n",
       "        1.17729623e+05],\n",
       "       [1.18285363e+03, 2.01665718e+04, 4.44517973e+03, 1.35156570e+04,\n",
       "        3.12833986e+05, 2.27449507e+03, 1.98126555e+04, 1.48254292e+04,\n",
       "        1.34918856e+04, 4.11686665e+04, 2.67920428e+03, 1.27929432e+04,\n",
       "        3.93903762e+03, 6.90019193e+03, 2.94248134e+03, 5.09951456e+03,\n",
       "        7.66169366e+03],\n",
       "       [5.64801253e+03, 9.62934443e+04, 2.12253065e+04, 6.45359649e+04,\n",
       "        1.49375225e+06, 1.08604956e+04, 9.46035282e+04, 7.07900013e+04,\n",
       "        6.44224585e+04, 1.96576430e+05, 1.27929432e+04, 6.10850759e+04,\n",
       "        1.88085265e+04, 3.29477541e+04, 1.40500659e+04, 2.43496925e+04,\n",
       "        3.65838517e+04],\n",
       "       [1.73906297e+03, 2.96494319e+04, 6.53542184e+03, 1.98710796e+04,\n",
       "        4.59936873e+05, 3.34402334e+03, 2.91290948e+04, 2.17967416e+04,\n",
       "        1.98361302e+04, 6.05272719e+04, 3.93903762e+03, 1.88085265e+04,\n",
       "        5.79127821e+03, 1.01448463e+04, 4.32611457e+03, 7.49744237e+03,\n",
       "        1.12644264e+04],\n",
       "       [3.04639595e+03, 5.19382627e+04, 1.14483966e+04, 3.48090768e+04,\n",
       "        8.05692407e+05, 5.85787826e+03, 5.10267645e+04, 3.81823468e+04,\n",
       "        3.47478543e+04, 1.06028384e+05, 6.90019193e+03, 3.29477541e+04,\n",
       "        1.01448463e+04, 1.77711901e+04, 7.57825229e+03, 1.31336119e+04,\n",
       "        1.97324098e+04],\n",
       "       [1.29908897e+03, 2.21482780e+04, 4.88199368e+03, 1.48437985e+04,\n",
       "        3.43575207e+05, 2.49800261e+03, 2.17595835e+04, 1.62822779e+04,\n",
       "        1.48176911e+04, 4.52141830e+04, 2.94248134e+03, 1.40500659e+04,\n",
       "        4.32611457e+03, 7.57825229e+03, 3.23162981e+03, 5.60062796e+03,\n",
       "        8.41458442e+03],\n",
       "       [2.25140701e+03, 3.83844290e+04, 8.46081760e+03, 2.57252836e+04,\n",
       "        5.95438533e+05, 4.32920356e+03, 3.77107957e+04, 2.82182634e+04,\n",
       "        2.56800377e+04, 7.83591664e+04, 5.09951456e+03, 2.43496925e+04,\n",
       "        7.49744237e+03, 1.31336119e+04, 5.60062796e+03, 9.70625828e+03,\n",
       "        1.45830307e+04],\n",
       "       [3.38259468e+03, 5.76701434e+04, 1.27118360e+04, 3.86505891e+04,\n",
       "        8.94608217e+05, 6.50435077e+03, 5.66580527e+04, 4.23961315e+04,\n",
       "        3.85826101e+04, 1.17729623e+05, 7.66169366e+03, 3.65838517e+04,\n",
       "        1.12644264e+04, 1.97324098e+04, 8.41458442e+03, 1.45830307e+04,\n",
       "        2.19100686e+04]])"
      ]
     },
     "execution_count": 9,
     "metadata": {},
     "output_type": "execute_result"
    }
   ],
   "source": [
    "np.outer(m_P, m_P)"
   ]
  },
  {
   "cell_type": "code",
   "execution_count": 10,
   "metadata": {},
   "outputs": [],
   "source": [
    "m = 1 / p_0 * m_P - 1\n",
    "S = 1 / np.outer(p_0, p_0) * S_P"
   ]
  },
  {
   "cell_type": "code",
   "execution_count": 11,
   "metadata": {},
   "outputs": [],
   "source": [
    "# Save m and S to some files \n",
    "np.save('data/m_log.npy', m_log)\n",
    "np.save('data/S_log.npy', S_log)\n",
    "np.save('data/m.npy', m)\n",
    "np.save('data/S.npy', S)"
   ]
  }
 ],
 "metadata": {
  "kernelspec": {
   "display_name": ".venv",
   "language": "python",
   "name": "python3"
  },
  "language_info": {
   "codemirror_mode": {
    "name": "ipython",
    "version": 3
   },
   "file_extension": ".py",
   "mimetype": "text/x-python",
   "name": "python",
   "nbconvert_exporter": "python",
   "pygments_lexer": "ipython3",
   "version": "3.10.6"
  },
  "orig_nbformat": 4
 },
 "nbformat": 4,
 "nbformat_minor": 2
}
